2
211 17 13 13 
2 9
0 0 0 0 0 0 0 0 0 0 0 -1 -1 
0 0 0 0 0 0 0 0 0 0 0 -1 -1 
0 0 0 0 0 0 0 0 0 10 0 -1 -1 
0 0 0 0 0 0 0 0 0 0 0 -1 -1 
0 0 0 0 0 0 0 0 0 0 0 -1 -1 
0 0 0 0 0 0 0 0 0 0 0 -1 -1 
0 0 0 0 0 0 0 0 0 0 0 -1 -1 
0 0 0 0 0 0 0 0 0 0 0 -1 -1 
0 0 0 0 0 0 0 0 0 0 0 -1 -1 
0 0 0 0 0 0 0 0 0 0 0 -1 -1 
0 0 -1 -1 -1 -1 0 0 0 0 0 -1 -1 
0 0 -1 0 -1 0 0 0 0 0 0 -1 -1 
0 0 -1 -1 -1 -1 0 0 0 0 0 -1 -1 
0 0 0 -1 -1 0 0 0 0 0 0 -1 -1 
0 0 0 0 0 0 0 0 0 0 0 -1 -1 
0 0 0 0 0 0 0 0 0 0 0 -1 -1 
0 0 0 0 0 0 0 -3 0 0 0 -1 -1 
0 0 0 0 0 0 0 0 0 0 0 -1 -1 
0 0 0 0 0 0 0 0 0 0 0 -1 -1 
0 0 0 0 0 0 0 0 0 0 0 -1 -1 
0 0 0 0 0 0 0 -2 0 0 0 -1 -1 
0 0 0 0 0 0 0 -3 0 0 0 -1 -1 
0 0 0 0 -3 0 0 -2 0 0 0 -1 -1 
0 0 0 0 0 0 0 -3 0 0 0 -1 -1 
0 0 0 0 0 0 0 -2 0 0 0 -1 -1 
0 0 0 0 0 0 0 0 0 0 0 -1 -1 
0 0 0 0 0 0 0 0 0 0 0 -1 -1 
0 0 0 0 0 0 0 0 0 0 0 -1 -1 
0 0 0 0 0 0 0 0 0 -6 -5 -1 -1 
0 0 0 0 0 0 0 0 0 -7 -5 -1 -1 
0 0 0 0 0 0 0 0 0 0 0 -1 -1 
0 0 0 0 0 0 0 0 0 0 0 -1 -1 
0 0 0 0 0 0 0 0 0 0 0 -1 -1 
0 0 0 0 0 0 0 0 0 0 0 -1 -1 
0 0 0 0 0 0 0 0 0 0 0 -1 -1 
0 0 0 0 0 0 0 0 0 0 0 -1 -1 
0 0 0 0 0 0 0 0 0 0 0 -1 -1 
0 0 0 0 0 0 0 0 0 0 0 -1 -1 
0 0 0 0 0 0 0 0 -6 -5 -5 -1 -1 
0 0 0 0 0 0 0 0 -7 -5 -5 -1 -1 
0 0 0 0 0 0 0 0 0 0 0 -1 -1 
0 0 0 0 0 0 0 0 0 0 0 -1 -1 
0 0 0 0 0 0 0 0 0 0 0 -1 -1 
0 0 0 0 0 0 0 0 0 0 0 -1 -1 
0 0 0 0 0 0 0 0 0 0 0 -1 -1 
0 0 0 0 0 0 0 0 0 0 0 -1 -1 
0 0 0 0 0 0 0 -6 -5 -5 -5 -1 -1 
0 0 0 0 0 0 0 -7 -5 -5 -5 -1 -1 
0 0 0 0 0 0 0 0 0 0 0 -1 -1 
0 0 0 0 0 0 0 0 0 0 0 -1 -1 
0 0 0 0 0 0 0 0 0 0 0 -1 -1 
0 0 0 0 0 0 0 0 0 0 0 -1 -1 
0 0 0 0 0 0 0 0 0 0 0 -1 -1 
0 0 0 0 0 0 0 0 0 0 0 -1 -1 
0 0 0 0 0 0 0 0 0 0 0 -1 -1 
0 0 0 0 0 0 0 0 0 0 0 -1 -1 
0 0 0 0 0 0 0 0 0 0 0 -1 -1 
0 0 0 0 0 0 0 -6 -5 -5 -5 -1 -1 
0 0 0 0 0 0 0 -7 -5 -5 -5 -1 -1 
0 0 0 0 0 0 0 0 0 0 0 -1 -1 
0 0 0 0 0 0 0 0 0 0 0 -1 -1 
0 0 0 0 0 0 0 0 0 0 0 -1 -1 
0 0 0 0 0 0 0 0 0 0 0 -1 -1 
0 0 0 0 0 0 0 0 0 0 0 -1 -1 
0 0 0 0 0 0 0 0 0 0 0 -1 -1 
0 0 0 0 0 0 0 0 0 0 0 -1 -1 
0 0 0 0 0 0 0 0 0 0 0 -1 -1 
0 0 0 0 0 0 0 0 0 0 0 -1 -1 
0 0 0 0 0 0 0 0 0 0 0 -1 -1 
0 0 0 0 0 0 0 0 0 0 0 0 0 
0 0 0 0 0 0 0 0 0 0 0 0 0 
0 0 0 0 0 0 0 0 0 0 0 -1 -1 
0 0 0 0 0 0 0 0 0 0 0 -1 -1 
0 0 0 0 0 0 0 0 0 0 0 -1 -1 
0 0 0 0 0 0 0 0 0 0 0 -1 -1 
0 0 0 0 0 0 0 0 0 0 0 -1 -1 
0 0 0 0 0 0 0 0 0 0 0 -1 -1 
0 0 0 0 0 0 0 -2 0 0 0 -1 -1 
0 0 0 0 0 0 0 -3 0 0 0 -1 -1 
0 0 0 0 0 0 0 -2 0 0 0 -1 -1 
0 0 0 -2 0 0 0 0 0 0 0 -1 -1 
0 0 0 -2 0 0 0 0 0 0 0 -1 -1 
0 0 0 -2 0 0 0 0 0 0 0 -1 -1 
0 0 0 -2 0 0 0 0 0 0 0 -1 -1 
0 0 0 -2 0 0 0 0 0 0 0 -1 -1 
0 0 0 -2 0 0 0 0 0 0 0 -1 -1 
0 0 0 -2 0 0 0 0 0 0 0 0 0 
0 0 0 -2 0 0 0 0 0 0 0 0 0 
0 0 0 0 0 0 0 0 0 0 0 0 0 
0 0 0 0 0 0 0 0 0 0 0 -1 -1 
0 0 0 0 0 0 0 0 0 0 0 -1 -1 
0 0 0 -2 0 0 0 0 0 0 0 -1 -1 
0 0 0 -2 0 0 0 0 0 0 0 -1 -1 
0 0 0 -2 0 0 0 0 0 0 0 -1 -1 
0 0 0 -3 0 0 0 -2 0 0 0 -1 -1 
0 0 0 0 0 0 0 0 0 0 0 -1 -1 
0 0 0 0 0 0 0 0 0 0 0 -1 -1 
0 0 0 0 0 0 0 0 0 0 0 -1 -1 
0 0 0 0 0 0 0 0 0 0 0 -1 -1 
0 0 0 0 0 0 0 0 0 0 0 -1 -1 
0 0 0 0 0 0 0 -2 0 0 0 -1 -1 
0 0 0 0 0 0 0 0 0 0 0 -1 -1 
0 0 0 0 0 0 0 0 0 0 0 -1 -1 
0 0 0 0 0 0 0 0 0 0 0 -1 -1 
0 0 0 0 0 0 0 0 0 0 0 -1 -1 
0 0 0 0 0 0 0 0 0 0 0 -1 -1 
0 0 0 0 0 0 0 -3 0 0 0 -1 -1 
0 0 0 0 0 0 0 0 0 0 0 -1 -1 
0 0 0 0 0 0 0 0 0 0 0 -1 -1 
0 0 0 -3 0 0 0 -3 0 0 0 -1 -1 
0 0 0 0 0 0 0 0 0 0 0 -1 -1 
0 0 0 0 0 0 0 0 0 0 0 -1 -1 
0 0 0 0 0 0 0 -3 0 0 0 -1 -1 
0 0 0 0 0 0 0 0 0 0 0 -1 -1 
0 0 0 0 0 0 0 0 0 0 0 -1 -1 
0 0 0 0 0 0 0 0 0 0 0 -1 -1 
0 0 0 0 0 0 0 0 0 0 0 -1 -1 
0 0 0 0 0 0 0 0 0 0 0 -1 -1 
0 0 0 0 0 0 0 -2 0 0 0 -1 -1 
0 0 0 0 0 0 0 0 0 0 0 -1 -1 
0 0 0 0 0 0 0 0 0 0 0 -1 -1 
0 0 0 -2 0 0 0 0 0 0 0 -1 -1 
0 0 0 -2 0 0 0 0 0 0 0 -1 -1 
0 0 0 -2 0 0 0 0 0 0 0 -1 -1 
0 0 0 0 0 0 0 0 0 0 0 -1 -1 
0 0 0 0 0 0 0 0 0 0 0 -1 -1 
0 0 0 0 0 0 0 0 0 0 0 -1 -1 
0 0 0 0 0 0 0 0 0 0 0 -1 -1 
0 0 0 -2 0 0 0 0 0 0 0 -1 -1 
0 0 0 -3 0 0 0 -2 0 0 0 -1 -1 
0 0 0 -3 0 0 0 -2 0 0 0 -1 -1 
0 0 0 -2 0 0 0 0 0 0 0 -1 -1 
0 0 0 0 0 0 0 0 0 0 0 -1 -1 
0 0 0 0 0 0 0 0 0 0 0 -1 -1 
0 0 0 0 0 0 0 0 0 0 -1 -1 -1 
0 0 0 0 0 0 0 0 0 -1 -1 -1 -1 
0 0 0 0 0 0 0 0 -1 -1 -1 -1 -1 
0 0 0 0 0 0 0 -1 -1 -1 -1 -1 -1 
0 0 0 0 0 0 0 0 0 0 0 -1 -1 
0 0 0 0 0 0 0 0 0 0 0 -1 -1 
0 0 0 0 0 0 0 -1 -1 -1 -1 -1 -1 
0 0 0 0 0 0 0 0 -1 -1 -1 -1 -1 
0 0 0 0 0 0 0 0 0 -1 -1 -1 -1 
0 0 0 0 0 0 0 0 0 0 -1 -1 -1 
0 0 0 0 0 0 0 0 0 0 0 -1 -1 
0 0 0 0 0 0 0 0 0 0 0 -1 -1 
0 0 0 0 0 0 0 0 0 0 0 -1 -1 
0 0 0 0 0 0 0 0 0 0 0 -1 -1 
0 0 0 0 0 0 0 0 0 0 -1 -1 -1 
0 0 0 0 0 0 0 0 0 -1 -1 -1 -1 
0 0 0 0 0 0 0 0 -1 -1 -1 -1 -1 
0 0 0 0 0 0 0 -1 -1 -1 -1 -1 -1 
0 0 0 0 0 0 0 -1 -1 -1 -1 -1 -1 
0 0 0 0 0 0 0 0 0 0 0 0 0 
0 0 0 0 0 0 0 0 0 0 0 0 0 
0 0 0 0 0 0 0 -1 -1 -1 -1 -1 -1 
0 0 0 0 0 0 0 0 -1 -1 -1 -1 -1 
0 0 0 0 0 0 0 0 0 -1 -1 -1 -1 
0 0 0 0 0 0 0 0 0 0 -1 -1 -1 
0 0 0 0 0 0 0 0 0 0 0 -1 -1 
0 0 0 0 0 0 0 0 0 0 0 -1 -1 
0 0 0 0 0 0 0 0 0 0 0 -1 -1 
0 0 0 0 0 0 0 0 0 0 0 -1 -1 
0 0 0 0 0 0 0 0 0 -6 -5 -1 -1 
0 0 0 0 0 0 0 0 0 -7 -5 -1 -1 
0 0 0 0 0 0 0 0 0 0 0 -1 -1 
0 0 0 0 0 0 0 0 0 0 0 -1 -1 
0 0 0 0 0 0 0 0 0 0 0 -1 -1 
0 0 0 0 0 0 0 -2 0 0 0 -1 -1 
0 0 0 0 0 0 0 -2 0 0 0 -1 -1 
0 0 0 0 0 0 0 -3 0 0 0 -1 -1 
0 0 0 0 0 0 0 -2 0 0 0 -1 -1 
0 0 0 0 0 0 0 0 0 0 0 -1 -1 
0 0 0 0 0 0 0 0 0 0 0 -1 -1 
0 0 0 0 0 0 0 0 0 0 0 -1 -1 
0 0 0 0 0 0 0 0 0 0 0 -1 -1 
0 0 0 0 0 0 0 0 0 0 0 -1 -1 
0 0 0 0 0 0 0 0 0 0 0 -1 -1 
0 0 0 0 0 0 0 0 0 0 0 -1 -1 
0 0 0 0 0 0 0 0 0 -6 -5 -1 -1 
0 0 0 0 0 0 0 0 0 -7 -5 -1 -1 
0 0 0 0 0 0 0 0 0 0 -1 -1 -1 
0 0 0 0 0 0 0 0 0 -1 -1 -1 -1 
0 0 0 0 0 0 0 0 -1 -1 -1 -1 -1 
0 0 0 0 0 0 0 -1 -1 -1 -1 -1 -1 
0 0 0 0 0 0 -1 -1 -1 -1 -1 -1 -1 
0 0 0 0 0 -1 -1 -1 -1 -1 -1 -1 -1 
0 0 0 0 -1 -1 -1 -1 -1 -1 -1 -1 -1 
0 0 0 -1 -1 -1 -1 -1 -1 -1 -1 -1 -1 
0 0 0 -1 -1 -1 -1 -1 -1 -1 -1 -1 -1 
0 0 0 0 0 0 0 0 0 0 0 -1 -1 
0 0 0 0 0 0 0 0 0 0 0 -1 -1 
0 0 0 0 0 0 0 0 0 0 0 -1 -1 
0 0 0 0 0 0 0 0 0 0 0 -1 -1 
0 0 0 0 0 0 0 0 0 0 0 -1 -1 
0 0 0 0 0 0 0 0 0 0 0 -1 -1 
0 0 0 0 0 0 0 0 0 0 0 -1 -1 
0 0 0 0 0 0 0 0 0 0 0 -1 -1 
3 2 2 2 2 2 2 2 2 2 -1 -1 -1 
0 0 0 0 0 0 0 0 0 0 0 -1 -1 
0 0 0 0 0 0 0 0 0 0 0 -1 -1 
0 0 0 0 0 0 0 0 0 0 0 -1 -1 
0 0 0 0 0 0 0 0 -1 -1 -1 -1 -1 
0 0 0 0 0 0 -1 -1 -1 -1 -1 -1 -1 
0 0 0 0 0 0 -1 -1 -1 0 0 -1 -1 
0 0 0 0 0 0 -1 -1 -1 -1 -1 -1 -1 
0 0 0 0 0 0 0 0 -1 -1 -1 -1 -1 
0 0 0 0 0 0 0 0 0 0 0 -1 -1 
0 0 0 0 0 0 0 0 0 0 0 -1 -1 
0 0 0 0 0 0 0 0 0 0 0 -1 -1 
0 0 0 0 0 0 0 0 0 0 0 -1 -1 

-2 -2 -2 -2 -2 -2 -2 -2 -2 -2 -2 -1 -1 
0 0 0 0 0 0 0 0 0 0 0 -1 -1 
0 0 0 0 0 0 0 0 0 0 0 -1 -1 
0 0 0 0 0 0 0 0 0 0 0 -1 -1 
-2 0 0 0 0 1 0 1 -2 -2 -2 -1 -1 
-2 0 0 1 0 1 0 1 -2 -2 -2 -1 -1 
-2 0 0 1 0 1 0 1 -2 -2 -2 -1 -1 
-2 0 0 1 0 1 0 1 -2 -2 -2 -1 -1 
-2 0 0 1 0 1 0 1 -2 -2 -2 -1 -1 
-2 0 0 1 0 1 0 1 -2 -2 -2 -1 -1 
-2 0 0 0 0 1 0 1 -2 -2 -2 -1 -1 
0 0 0 0 0 0 0 0 0 0 0 -1 -1 
0 0 0 0 0 0 0 0 0 0 0 -1 -1 
0 0 0 0 0 0 0 0 0 -6 -11 -1 -1 
0 0 0 0 0 0 0 0 0 -13 -13 -1 -1 
-5 -5 -5 -5 -5 -5 -5 -5 -5 -8 -8 -1 -1 
-5 -5 -5 -5 -5 -5 -5 -5 -5 -5 -5 -1 -1 

4
28 8 2 0
1 1 0 1 1 1
29 8 2 0
1 1 0 1 1 1
163 8 12 9
1 1 0 1 1 1
164 8 12 10
1 1 0 1 1 1
