3
190 190 17 15 15 13 
6 11
0 0 0 0 0 0 0 0 0 0 -1 -1 -1 -1 -1 
0 0 0 0 0 0 0 0 -1 -1 -1 -1 -1 -1 -1 
0 0 0 0 0 0 0 0 -1 -1 -1 0 0 -1 -1 
0 0 0 0 0 0 0 0 -1 -1 -1 -1 -1 -1 -1 
0 0 0 0 0 0 0 0 0 0 -1 -1 -1 -1 -1 
0 0 0 0 0 0 0 0 0 0 0 0 0 -1 -1 
0 0 0 0 0 0 0 0 0 0 0 10 0 -1 -1 
0 0 0 0 0 0 0 0 0 0 0 0 0 -1 -1 
0 0 0 0 0 0 0 0 0 0 0 0 0 -1 -1 
0 0 0 0 0 0 0 0 0 0 0 0 0 -1 -1 
0 0 0 0 0 0 0 0 0 0 0 -6 -11 -1 -1 
0 0 0 0 0 0 0 0 0 0 0 -13 -13 -1 -1 
0 0 0 0 0 0 0 0 0 -6 -5 -8 -8 -1 -1 
0 0 0 0 0 0 0 0 0 -7 -5 -5 -5 -1 -1 
0 0 0 0 0 0 0 0 0 0 0 0 0 -1 -1 
0 0 0 0 0 0 0 0 0 0 0 0 0 -1 -1 
0 0 0 0 0 0 0 0 0 0 0 0 0 -1 -1 
0 0 0 0 0 0 0 0 0 0 0 0 0 -1 -1 
0 0 0 0 0 0 0 0 0 0 0 0 0 -1 -1 
0 0 0 0 0 0 0 0 0 0 0 0 0 -1 -1 
0 0 0 0 0 0 0 0 0 0 0 0 0 -1 -1 
0 0 0 0 0 0 0 0 0 0 0 0 0 -1 -1 
0 0 0 0 0 0 0 0 0 0 0 0 0 -1 -1 
0 0 0 0 0 0 0 0 0 0 0 0 0 -1 -1 
0 0 0 0 0 0 0 0 0 0 0 0 0 0 0 
0 0 0 0 0 0 0 0 0 0 0 0 0 0 0 
0 0 0 0 0 0 0 0 0 0 0 0 0 0 0 
0 0 0 0 0 0 0 0 0 0 0 0 0 0 0 
0 0 0 0 0 0 0 0 0 0 0 0 0 0 0 
0 0 0 0 0 0 0 0 0 0 0 0 0 0 0 
0 0 0 0 0 0 0 0 0 0 0 0 0 0 0 
0 0 0 0 0 0 0 0 0 0 0 0 0 0 0 
0 0 0 0 0 0 0 0 0 0 0 0 0 0 0 
0 0 0 0 0 0 0 0 0 0 0 0 0 0 0 
0 0 0 0 0 0 0 0 0 0 0 0 0 0 0 
0 0 0 0 0 0 0 0 0 0 0 0 0 0 0 
0 0 0 0 0 0 0 0 0 0 0 0 0 0 0 
0 0 0 0 0 0 0 0 0 0 0 0 0 0 0 
0 0 0 0 0 0 0 0 0 0 0 0 0 0 0 
0 0 0 0 0 0 0 0 0 0 0 0 0 0 0 
0 0 0 0 0 0 0 0 0 0 0 0 0 0 0 
0 0 0 0 0 0 0 0 0 0 0 0 0 0 0 
0 0 0 0 0 0 0 0 0 0 0 0 0 0 0 
0 0 0 0 0 0 0 0 0 0 0 0 0 0 0 
0 0 0 0 0 0 0 0 0 0 0 0 0 0 0 
0 0 0 0 0 0 0 0 0 0 0 0 0 0 0 
0 0 0 0 0 0 0 0 0 0 0 0 0 0 0 
0 0 0 0 0 0 0 0 0 0 0 0 0 0 0 
0 0 0 0 0 0 0 0 0 0 0 0 0 0 0 
0 0 0 0 0 0 0 0 0 0 0 0 0 0 0 
0 0 0 0 0 0 0 0 0 0 0 0 0 0 0 
0 0 0 0 0 0 0 0 0 0 0 0 0 0 0 
0 0 0 0 0 0 0 0 0 0 0 0 0 0 0 
0 0 0 0 0 0 0 0 0 0 0 0 0 0 0 
0 0 0 0 0 0 0 0 0 0 0 0 0 0 0 
0 0 0 0 0 0 0 0 0 0 0 0 0 0 0 
0 0 0 0 0 0 0 0 0 0 0 0 0 0 0 
0 0 0 0 0 0 0 0 0 0 0 0 0 0 0 
0 0 0 0 0 0 0 0 0 0 0 0 0 0 0 
0 0 0 0 0 0 0 0 0 0 0 0 0 0 0 
0 0 0 0 0 0 0 0 0 0 0 0 0 0 0 
0 0 0 0 0 0 0 0 0 0 0 0 0 0 0 
0 0 0 0 0 0 0 0 0 0 0 0 0 0 0 
0 0 0 0 0 0 0 0 0 0 0 0 0 0 0 
0 0 0 0 0 0 0 0 0 0 0 0 0 0 0 
0 0 0 0 0 0 0 0 0 0 0 0 0 0 0 
0 0 0 0 0 0 0 0 0 0 0 0 0 0 0 
0 0 0 0 0 0 0 0 0 0 0 0 0 0 0 
0 0 0 0 0 0 0 0 0 0 0 0 0 0 0 
0 0 0 0 0 0 0 0 0 0 0 0 0 0 0 
0 0 0 0 0 0 0 0 0 0 0 0 0 0 0 
0 0 0 0 0 0 0 0 0 0 0 0 0 0 0 
0 0 0 0 0 0 0 0 0 0 0 0 0 0 0 
0 0 0 0 0 0 0 0 0 0 0 0 0 0 0 
0 0 0 0 0 0 0 0 0 0 0 0 0 0 0 
0 0 0 0 0 0 0 0 0 0 0 0 0 0 0 
0 0 0 0 0 0 0 0 0 0 0 0 0 0 0 
0 0 0 0 0 0 0 0 0 0 0 0 0 0 0 
0 0 0 0 0 0 0 0 0 0 0 0 0 0 0 
0 0 0 0 0 0 0 0 0 0 0 0 0 0 0 
0 0 0 0 0 0 0 0 0 0 0 0 0 0 0 
0 0 0 0 0 0 0 0 0 0 0 0 0 0 0 
0 0 0 0 0 0 0 0 0 0 0 0 0 0 0 
0 0 0 0 0 0 0 0 0 0 0 0 0 0 0 
0 0 0 0 0 0 0 0 0 0 0 0 0 0 0 
0 0 0 0 0 0 0 0 0 0 0 0 0 0 0 
0 0 0 0 0 0 0 0 0 0 0 0 0 0 0 
0 0 0 0 0 0 0 0 0 0 0 0 0 0 0 
0 0 0 0 0 0 0 0 0 0 0 0 0 0 0 
0 0 0 0 0 0 0 0 0 0 0 0 0 0 0 
0 0 0 0 0 0 0 0 0 0 0 0 0 0 0 
0 0 0 0 0 0 0 0 0 0 0 0 0 0 0 
0 0 0 0 0 0 0 0 0 0 0 0 0 0 0 
0 0 0 0 0 0 0 0 0 0 0 0 0 0 0 
0 0 0 0 0 0 0 0 0 0 0 0 0 0 0 
0 0 0 0 0 0 0 0 0 0 0 0 0 0 0 
0 0 0 0 0 0 0 0 0 0 0 0 0 0 0 
0 0 0 0 0 0 0 0 0 0 0 0 0 0 0 
0 0 0 0 0 0 0 0 0 0 0 0 0 0 0 
0 0 0 0 0 0 0 0 0 0 0 0 0 0 0 
0 0 0 0 0 0 0 0 0 0 0 0 0 0 0 
0 0 0 0 0 0 0 0 0 0 0 0 0 0 0 
0 0 0 0 0 0 0 0 0 0 0 0 0 0 0 
0 0 0 0 0 0 0 0 0 0 0 0 0 0 0 
0 0 0 0 0 0 0 0 0 0 0 0 0 0 0 
0 0 0 0 0 0 0 0 0 0 0 0 0 0 0 
0 0 0 0 0 0 0 0 0 0 0 0 0 0 0 
0 0 0 0 0 0 0 0 0 0 0 0 0 0 0 
0 0 0 0 0 0 0 0 0 0 0 0 0 0 0 
0 0 0 0 0 0 0 0 0 0 0 0 0 0 0 
0 0 0 0 0 0 0 0 0 0 0 0 0 0 0 
0 0 0 0 0 0 0 0 0 0 0 0 0 0 0 
0 0 0 0 0 0 0 0 0 0 0 0 0 0 0 
0 0 0 0 0 0 0 0 0 0 0 0 0 0 0 
0 0 0 0 0 0 0 0 0 0 0 0 0 0 0 
0 0 0 0 0 0 0 0 0 0 0 0 0 0 0 
0 0 0 0 0 0 0 0 0 0 0 0 0 0 0 
0 0 0 0 0 0 0 0 0 0 0 0 0 0 0 
0 0 0 0 0 0 0 0 0 0 0 0 0 0 0 
0 0 0 0 0 0 0 0 0 0 0 0 0 0 0 
0 0 0 0 0 0 0 0 0 0 0 0 0 0 0 
0 0 0 0 0 0 0 0 0 0 0 0 0 0 0 
0 0 0 0 0 0 0 0 0 0 0 0 0 0 0 
0 0 0 0 0 0 0 0 0 0 0 0 0 0 0 
0 0 0 0 0 0 0 0 0 0 0 0 0 0 0 
0 0 0 0 0 0 0 0 0 0 0 0 0 0 0 
0 0 0 0 0 0 0 0 0 0 0 0 0 0 0 
0 0 0 0 0 0 0 0 0 0 0 0 0 0 0 
0 0 0 0 0 0 0 0 0 0 0 0 0 0 0 
0 0 0 0 0 0 0 0 0 0 0 0 0 0 0 
0 0 0 0 0 0 0 0 0 0 0 0 0 0 0 
0 0 0 0 0 0 0 0 0 0 0 0 0 0 0 
0 0 0 0 0 0 0 0 0 0 0 0 0 0 0 
0 0 0 0 0 0 0 0 0 0 0 0 0 0 0 
0 0 0 0 0 0 0 0 0 0 0 0 0 0 0 
0 0 0 0 0 0 0 0 0 0 0 0 0 0 0 
0 0 0 0 0 0 0 0 0 0 0 0 0 0 0 
0 0 0 0 0 0 0 0 0 0 0 0 0 0 0 
0 0 0 0 0 0 0 0 0 0 0 0 0 0 0 
0 0 0 0 0 0 0 0 0 0 0 0 0 0 0 
0 0 0 0 0 0 0 0 0 0 0 0 0 0 0 
0 0 0 0 0 0 0 0 0 0 0 0 0 0 0 
0 0 0 0 0 0 0 0 0 0 0 0 0 0 0 
0 0 0 0 0 0 0 0 0 0 0 0 0 0 0 
0 0 0 0 0 0 0 0 0 0 0 0 0 0 0 
0 0 0 0 0 0 0 0 0 0 0 0 0 0 0 
0 0 0 0 0 0 0 0 0 0 0 0 0 0 0 
0 0 0 0 0 0 0 0 0 0 0 0 0 0 0 
0 0 0 0 0 0 0 0 0 0 0 0 0 -1 -1 
0 0 0 0 0 0 0 0 0 0 0 0 0 -1 -1 
0 0 0 0 0 0 0 0 0 0 0 0 0 -1 -1 
0 0 0 0 0 0 0 0 0 0 0 -6 -5 -1 -1 
0 0 0 0 0 0 0 0 0 0 0 -7 -5 -1 -1 
0 0 0 0 0 0 0 0 0 0 0 0 -1 -1 -1 
0 0 0 0 0 0 0 0 0 0 0 -1 -1 -1 -1 
0 0 0 0 0 0 0 0 0 0 -1 -1 -1 -1 -1 
0 0 0 0 0 0 0 0 0 -1 -1 -1 -1 -1 -1 
0 0 0 0 0 0 0 0 -1 -1 -1 -1 -1 -1 -1 
0 0 0 0 0 0 0 -1 -1 -1 -1 -1 -1 -1 -1 
0 0 0 0 0 0 -1 -1 -1 -1 -1 -1 -1 -1 -1 
0 0 0 0 0 -1 -1 -1 -1 -1 -1 -1 -1 -1 -1 
0 0 0 0 0 -1 -1 -1 -1 -1 -1 -1 -1 -1 -1 
0 0 0 0 0 0 0 0 0 0 0 0 0 -1 -1 
0 0 0 0 0 0 0 0 0 0 0 0 0 -1 -1 
0 0 0 0 0 0 0 0 0 0 0 0 0 -1 -1 
0 0 0 0 0 0 0 0 0 0 0 0 0 -1 -1 
0 0 0 0 0 0 0 0 0 0 0 0 0 -1 -1 
0 0 0 0 0 0 0 0 0 0 0 0 0 -1 -1 
0 0 0 0 0 0 0 0 0 0 0 0 0 -1 -1 
0 0 0 0 0 0 0 0 0 0 0 0 0 -1 -1 
0 0 3 2 2 2 2 2 2 2 2 2 -1 -1 -1 
0 0 0 0 0 0 0 0 0 0 0 0 0 -1 -1 
0 0 0 0 0 0 0 0 0 0 0 0 0 -1 -1 
0 0 0 0 0 0 0 0 0 0 0 0 0 -1 -1 
0 0 0 0 0 0 0 0 0 0 -1 -1 -1 -1 -1 
0 0 0 0 0 0 0 0 -1 -1 -1 -1 -1 -1 -1 
0 0 0 0 0 0 0 0 -1 -1 -1 0 0 -1 -1 
0 0 0 0 0 0 0 0 -1 -1 -1 -1 -1 -1 -1 
0 0 0 0 0 0 0 0 0 0 -1 -1 -1 -1 -1 
0 0 0 0 0 0 0 0 0 0 0 0 0 -1 -1 
0 0 0 0 0 0 0 0 0 0 0 0 0 -1 -1 
0 0 0 0 0 0 0 0 0 0 0 0 0 -1 -1 
0 0 0 0 0 0 0 0 0 0 0 0 0 -1 -1 
0 0 0 0 0 0 0 0 0 0 0 0 0 -1 -1 
0 0 0 0 0 0 0 0 0 0 0 0 0 -1 -1 
0 0 0 0 0 0 0 0 0 0 0 0 0 -1 -1 
0 0 0 0 0 0 0 0 0 0 0 0 0 -1 -1 
0 0 0 0 0 0 0 0 0 0 0 0 0 -1 -1 
0 0 0 0 0 0 0 0 0 0 0 0 0 -1 -1 
0 0 0 0 0 0 0 0 0 0 0 0 0 -1 -1 

-2 -2 -2 -2 -2 -2 -2 -2 -2 -2 -2 -2 -2 -1 -1 
0 0 0 0 0 0 0 0 0 0 0 0 0 -1 -1 
0 0 0 0 0 0 0 0 0 0 0 0 0 -1 -1 
0 0 0 0 0 0 0 0 0 0 0 0 0 -1 -1 
0 0 0 0 0 0 0 0 0 0 0 0 0 -1 -1 
0 0 0 0 0 0 0 0 0 0 0 0 0 -1 -1 
-2 0 0 0 0 0 0 0 0 0 0 0 0 -1 -1 
-2 0 0 0 0 0 0 0 0 0 0 0 0 -1 -1 
-2 0 0 0 0 0 0 0 0 0 0 0 0 -1 -1 
-2 0 0 0 0 0 0 0 0 0 0 0 0 -1 -1 
-2 0 0 0 0 0 0 0 0 0 0 0 0 -1 -1 
-2 0 0 0 0 0 0 0 0 0 0 0 0 -1 -1 
-2 0 0 0 0 0 0 0 0 0 0 0 0 -1 -1 
-2 0 0 0 0 0 0 0 0 0 0 0 0 -1 -1 
-2 0 0 0 0 0 0 0 0 0 0 0 0 -1 -1 
-2 0 0 0 0 0 0 0 0 0 0 0 0 -1 -1 
-2 0 0 0 0 0 0 0 0 0 0 0 0 -1 -1 
-2 0 0 0 0 0 0 0 0 0 0 0 0 -1 -1 
-2 0 0 0 0 0 0 0 0 0 0 0 0 -1 -1 
-2 0 0 0 0 0 0 0 0 0 0 0 0 -1 -1 
-2 0 0 0 0 0 0 0 0 0 0 0 0 -1 -1 
-2 0 0 0 0 0 0 0 0 0 0 0 0 -1 -1 
-2 0 0 0 0 0 0 0 0 0 0 0 0 -1 -1 
-2 0 0 0 0 0 0 0 0 0 0 0 0 -1 -1 
-2 0 0 0 0 0 0 0 0 0 0 0 0 -1 -1 
-2 0 0 0 0 0 0 0 0 0 0 0 0 -1 -1 
-2 0 0 0 0 0 0 0 0 0 0 0 0 -1 -1 
-2 0 0 0 0 0 0 0 0 0 0 0 0 -1 -1 
-2 0 0 0 0 0 0 0 0 0 0 0 0 -1 -1 
-2 0 0 0 0 0 0 0 0 0 0 0 0 -1 -1 
-2 0 0 0 0 0 0 0 0 0 0 0 0 -1 -1 
-2 0 0 0 0 0 0 0 0 0 0 0 0 -1 -1 
-2 0 0 0 0 0 0 0 0 0 0 0 0 -1 -1 
-2 0 0 0 0 0 0 0 0 0 0 0 0 -1 -1 
-2 0 0 0 0 0 0 0 0 0 0 0 0 -1 -1 
-2 0 0 0 0 0 0 0 0 0 0 0 0 -1 -1 
-2 0 0 0 0 0 0 0 0 0 0 0 0 -1 -1 
-2 0 0 0 0 0 0 0 0 0 0 0 0 -1 -1 
-2 0 0 0 0 0 0 0 0 0 0 0 0 -1 -1 
-2 0 0 0 0 0 0 0 0 0 0 0 0 -1 -1 
-2 0 0 0 0 0 0 0 0 0 0 0 0 -1 -1 
-2 0 0 0 0 0 0 0 0 0 0 0 0 -1 -1 
-2 0 0 0 0 0 0 0 0 0 0 0 0 -1 -1 
-2 0 0 0 0 0 0 0 0 0 0 0 0 -1 -1 
-2 0 0 0 0 0 0 0 0 0 0 0 0 -1 -1 
-2 0 0 0 0 0 0 0 0 0 0 0 0 -1 -1 
-2 0 0 0 0 0 0 0 0 0 0 0 0 -1 -1 
-2 0 0 0 0 0 0 0 0 0 0 0 0 -1 -1 
-2 0 0 0 0 0 0 0 0 0 0 0 0 -1 -1 
-2 0 0 0 0 0 0 0 0 0 0 0 0 -1 -1 
-2 0 0 0 0 0 0 0 0 0 0 0 0 -1 -1 
-2 0 0 0 0 0 0 0 0 0 0 0 0 -1 -1 
-2 0 0 0 0 0 0 0 0 0 0 0 0 -1 -1 
-2 0 0 0 0 0 0 0 0 0 0 0 0 -1 -1 
-2 0 0 0 0 0 0 0 0 0 0 0 0 -1 -1 
-2 0 0 0 0 0 0 0 0 0 0 0 0 -1 -1 
-2 0 0 0 0 0 0 0 0 0 0 0 0 -1 -1 
-2 0 0 0 0 0 0 0 0 0 0 0 0 -1 -1 
-2 0 0 0 0 0 0 0 0 0 0 0 0 -1 -1 
-2 0 0 0 0 0 0 0 0 0 0 0 0 -1 -1 
-2 0 0 0 0 0 0 0 0 0 0 0 0 -1 -1 
-2 0 0 0 0 0 0 0 0 0 0 0 0 -1 -1 
-2 0 0 0 0 0 0 0 0 0 0 0 0 -1 -1 
-2 0 0 0 0 0 0 0 0 0 0 0 0 -1 -1 
-2 0 0 0 0 0 0 0 0 0 0 0 0 -1 -1 
-2 0 0 0 0 0 0 0 0 0 0 0 0 -1 -1 
-2 0 0 0 0 0 0 0 0 0 0 0 0 -1 -1 
-2 0 0 0 0 0 0 0 0 0 0 0 0 -1 -1 
-2 0 0 0 0 0 0 0 0 0 0 0 0 -1 -1 
-2 0 0 0 0 0 0 0 0 0 0 0 0 -1 -1 
-2 0 0 0 0 0 0 0 0 0 0 0 0 -1 -1 
-2 0 0 0 0 0 0 0 0 0 0 0 0 -1 -1 
-2 0 0 0 0 0 0 0 0 0 0 0 0 -1 -1 
-2 0 0 0 0 0 0 0 0 0 0 0 0 -1 -1 
-2 0 0 0 0 0 0 0 0 0 0 0 0 -1 -1 
-2 0 0 0 0 0 0 0 0 0 0 0 0 -1 -1 
-2 0 0 0 0 0 0 0 0 0 0 0 0 -1 -1 
-2 0 0 0 0 0 0 0 0 0 0 0 0 -1 -1 
-2 0 0 0 0 0 0 0 0 0 0 0 0 -1 -1 
-2 0 0 0 0 0 0 0 0 0 0 0 0 -1 -1 
-2 0 0 0 0 0 0 0 0 0 0 0 0 -1 -1 
-2 0 0 0 0 0 0 0 0 0 0 0 0 -1 -1 
-2 0 0 0 0 0 0 0 0 0 0 0 0 -1 -1 
-2 0 0 0 0 0 0 0 0 0 0 0 0 -1 -1 
-2 0 0 0 0 0 0 0 0 0 0 0 0 -1 -1 
-2 0 0 0 0 0 0 0 0 0 0 0 0 -1 -1 
-2 0 0 0 0 0 0 0 0 0 0 0 0 -1 -1 
-2 0 0 0 0 0 0 0 0 0 0 0 0 -1 -1 
-2 0 0 0 0 0 0 0 0 0 0 0 0 -1 -1 
-2 0 0 0 0 0 0 0 0 0 0 0 0 -1 -1 
-2 0 0 0 0 0 0 0 0 0 0 0 0 -1 -1 
-2 0 0 0 0 0 0 0 0 0 0 0 0 -1 -1 
-2 0 0 0 0 0 0 0 0 0 0 0 0 -1 -1 
-2 0 0 0 0 0 0 0 0 0 0 0 0 -1 -1 
-2 0 0 0 0 0 0 0 0 0 0 0 0 -1 -1 
-2 0 0 0 0 0 0 0 0 0 0 0 0 -1 -1 
-2 0 0 0 0 0 0 0 0 0 0 0 0 -1 -1 
-2 0 0 0 0 0 0 0 0 0 0 0 0 -1 -1 
-2 0 0 0 0 0 0 0 0 0 0 0 0 -1 -1 
-2 0 0 0 0 0 0 0 0 0 0 0 0 -1 -1 
-2 0 0 0 0 0 0 0 0 0 0 0 0 -1 -1 
-2 0 0 0 0 0 0 0 0 0 0 0 0 -1 -1 
-2 0 0 0 0 0 0 0 0 0 0 0 0 -1 -1 
-2 0 0 0 0 0 0 0 0 0 0 0 0 -1 -1 
-2 0 0 0 0 0 0 0 0 0 0 0 0 -1 -1 
-2 0 0 0 0 0 0 0 0 0 0 0 0 -1 -1 
-2 0 0 0 0 0 0 0 0 0 0 0 0 -1 -1 
-2 0 0 0 0 0 0 0 0 0 0 0 0 -1 -1 
-2 0 0 0 0 0 0 0 0 0 0 0 0 -1 -1 
-2 0 0 0 0 0 0 0 0 0 0 0 0 -1 -1 
-2 0 0 0 0 0 0 0 0 0 0 0 0 -1 -1 
-2 0 0 0 0 0 0 0 0 0 0 0 0 -1 -1 
-2 0 0 0 0 0 0 0 0 0 0 0 0 -1 -1 
-2 0 0 0 0 0 0 0 0 0 0 0 0 -1 -1 
-2 0 0 0 0 0 0 0 0 0 0 0 0 -1 -1 
-2 0 0 0 0 0 0 0 0 0 0 0 0 -1 -1 
-2 0 0 0 0 0 0 0 0 0 0 0 0 -1 -1 
-2 0 0 0 0 0 0 0 0 0 0 0 0 -1 -1 
-2 0 0 0 0 0 0 0 0 0 0 0 0 -1 -1 
-2 0 0 0 0 0 0 0 0 0 0 0 0 -1 -1 
-2 0 0 0 0 0 0 0 0 0 0 0 0 -1 -1 
-2 0 0 0 0 0 0 0 0 0 0 0 0 -1 -1 
-2 0 0 0 0 0 0 0 0 0 0 0 0 -1 -1 
-2 0 0 0 0 0 0 0 0 0 0 0 0 -1 -1 
-2 0 0 0 0 0 0 0 0 0 0 0 0 -1 -1 
-2 0 0 0 0 0 0 0 0 0 0 0 0 -1 -1 
-2 0 0 0 0 0 0 0 0 0 0 0 0 -1 -1 
-2 0 0 0 0 0 0 0 0 0 0 0 0 -1 -1 
-2 0 0 0 0 0 0 0 0 0 0 0 0 -1 -1 
-2 0 0 0 0 0 0 0 0 0 0 0 0 -1 -1 
-2 0 0 0 0 0 0 0 0 0 0 0 0 -1 -1 
-2 0 0 0 0 0 0 0 0 0 0 0 0 -1 -1 
-2 0 0 0 0 0 0 0 0 0 0 0 0 -1 -1 
-2 0 0 0 0 0 0 0 0 0 0 0 0 -1 -1 
-2 0 0 0 0 0 0 0 0 0 0 0 0 -1 -1 
-2 0 0 0 0 0 0 0 0 0 0 0 0 -1 -1 
-2 0 0 0 0 0 0 0 0 0 0 0 0 -1 -1 
-2 0 0 0 0 0 0 0 0 0 0 0 0 -1 -1 
-2 0 0 0 0 0 0 0 0 0 0 0 0 -1 -1 
-2 0 0 0 0 0 0 0 0 0 0 0 0 -1 -1 
-2 0 0 0 0 0 0 0 0 0 0 0 0 -1 -1 
-2 0 0 0 0 0 0 0 0 0 0 0 0 -1 -1 
-2 0 0 0 0 0 0 0 0 0 0 0 0 -1 -1 
-2 0 0 0 0 0 0 0 0 0 0 0 0 -1 -1 
-2 0 0 0 0 0 0 0 0 0 0 0 0 -1 -1 
-2 0 0 0 0 0 0 0 0 0 0 0 0 -1 -1 
-2 0 0 0 0 0 0 0 0 0 0 0 0 -1 -1 
-2 0 0 0 0 0 0 0 0 0 0 0 0 -1 -1 
-2 0 0 0 0 0 0 0 0 0 0 0 0 -1 -1 
-2 0 0 0 0 0 0 0 0 0 0 0 0 -1 -1 
-2 0 0 0 0 0 0 0 0 0 0 0 0 -1 -1 
-2 0 0 0 0 0 0 0 0 0 0 0 0 -1 -1 
-2 0 0 0 0 0 0 0 0 0 0 0 0 -1 -1 
-2 0 0 0 0 0 0 0 0 0 0 0 0 -1 -1 
-2 0 0 0 0 0 0 0 0 0 0 0 0 -1 -1 
-2 0 0 0 0 0 0 0 0 0 0 0 0 -1 -1 
-2 0 0 0 0 0 0 0 0 0 0 0 0 -1 -1 
-2 0 0 0 0 0 0 0 0 0 0 0 0 -1 -1 
-2 0 0 0 0 0 0 0 0 0 0 0 0 -1 -1 
-2 0 0 0 0 0 0 0 0 0 0 0 0 -1 -1 
-2 0 0 0 0 0 0 0 0 0 0 0 0 -1 -1 
-2 0 0 0 0 0 0 0 0 0 0 0 0 -1 -1 
-2 0 0 0 0 0 0 0 0 0 0 0 0 -1 -1 
-2 0 0 0 0 0 0 0 0 0 0 0 0 -1 -1 
-2 0 0 0 0 0 0 0 0 0 0 0 0 -1 -1 
-2 0 0 0 0 0 0 0 0 0 0 0 0 -1 -1 
-2 0 0 0 0 0 0 0 0 0 0 0 0 -1 -1 
-2 0 0 0 0 0 0 0 0 0 0 0 0 -1 -1 
-2 0 0 0 0 0 0 0 0 0 0 0 0 -1 -1 
-2 0 0 0 0 0 0 0 0 0 0 0 0 -1 -1 
-2 0 0 0 0 0 0 0 0 0 0 0 0 -1 -1 
-2 0 0 0 0 0 0 0 0 0 0 0 0 -1 -1 
-2 0 0 0 0 0 0 0 0 0 0 0 0 -1 -1 
-2 0 0 0 0 0 0 0 0 0 0 0 0 -1 -1 
-2 0 0 0 0 0 0 0 0 0 0 0 0 -1 -1 
-2 0 0 0 0 0 0 0 0 0 0 0 0 -1 -1 
-2 0 0 0 0 0 0 0 0 0 0 0 0 -1 -1 
-2 0 0 0 0 0 0 0 0 0 0 0 0 -1 -1 
-2 0 0 0 0 0 0 0 0 0 0 0 0 -1 -1 
-2 0 0 0 0 0 0 0 0 0 0 0 0 -1 -1 
-2 0 0 0 0 0 0 0 0 0 0 0 0 -1 -1 
-2 0 0 0 0 0 0 0 0 0 0 0 0 -1 -1 
-2 0 0 0 0 0 0 0 0 0 0 0 0 -1 -1 
-2 0 0 0 0 0 0 0 0 0 0 0 0 -1 -1 
-2 0 0 0 0 0 0 0 0 0 0 0 0 -1 -1 
-2 0 0 0 0 0 0 0 0 0 0 0 0 -1 -1 
-2 0 0 0 0 0 0 0 0 0 0 0 0 -1 -1 
-2 0 0 0 0 0 0 0 0 0 0 0 0 -1 -1 
-2 0 0 0 0 0 0 0 0 0 0 0 0 -1 -1 
-2 0 0 0 0 0 0 0 0 0 0 0 0 -1 -1 

-2 -2 -2 -2 -2 -2 -2 -2 -2 -2 -2 -1 -1 
0 0 0 0 0 0 0 0 0 0 0 -1 -1 
0 0 0 0 0 0 0 0 0 0 0 -1 -1 
-2 -2 -2 -2 0 0 0 -2 0 0 1 -1 -1 
-2 -2 -2 -2 0 0 1 -2 0 0 1 -1 -1 
-2 -2 -2 -2 0 0 1 -2 0 0 1 -1 -1 
-2 -2 -2 -2 0 0 1 -2 0 0 1 -1 -1 
-2 -2 -2 -2 0 0 1 -2 0 0 1 -1 -1 
-2 -2 -2 -2 0 0 1 -2 0 0 1 -1 -1 
-2 -2 -2 -2 0 0 1 -2 0 0 1 -1 -1 
-2 -2 -2 -2 0 0 1 -2 0 0 1 -1 -1 
-2 -2 -2 -2 0 0 1 -2 0 0 1 -1 -1 
-2 -2 -2 -2 0 0 0 -2 0 0 0 -1 -1 
-2 -2 -2 -2 -2 -2 -2 -2 -2 -6 -11 -1 -1 
-2 -2 -2 -2 -2 -2 -2 -2 -2 -13 -13 -1 -1 
-5 -5 -5 -5 -5 -5 -5 -5 -5 -8 -8 -1 -1 
-5 -5 -5 -5 -5 -5 -5 -5 -5 -5 -5 -1 -1 

16
9 12 3 0
1 2 0 1 2 1
9 11 3 0
1 2 0 1 2 1
12 8 3 0
1 2 0 1 2 1
13 8 3 0
1 2 0 1 2 1
0 0 2 0
1 2 0 1 2 2
0 0 2 0
1 2 0 1 2 2
12 9 0 0
-4 -5 2 0 0 0
12 10 0 0
1 2 2 1 2 0
0 0 151 10
1 2 0 1 2 0
0 0 152 10
1 2 0 1 2 0
0 0 0 0
0 0 0 0 0 0
0 0 0 0
0 0 0 0 0 0
0 0 0 0
0 0 0 0 0 0
0 0 0 0
0 0 0 0 0 0
0 0 0 0
0 0 0 0 0 0
0 0 0 0
0 0 0 0 0 0
